IID	AFR	EUR	AMR	group
Admixed2	0.998051128734354	0.00194887126564643	0	AFR
Admixed3	0.749325306984942	0	0.250674693015058	AFR
Admixed7	0.0895105474670698	0.617290443179624	0.293199009353306	EUR
Admixed9	0.791548539065467	0.204159149685808	0.00429231124872456	AFR
Admixed11	0.5	0.171055930387821	0.328944069612179	AFR
Admixed18	0.219796545616315	0.736039299621415	0.04416415476227	EUR
Admixed20	0.0600904336210721	0.724363817114526	0.215545749264402	EUR
Admixed23	0.707253705533622	0.292746294466378	0	AFR
Admixed27	0.64895274116282	0.35104725883718	0	AFR
Admixed28	1	0	0	AFR
Admixed31	0.649324628570775	0.111275415597025	0.2393999558322	AFR
Admixed33	0.609594644497307	0.390405355502693	0	AFR
Admixed34	0.147712255794948	0.463785973290935	0.388501770914117	EUR
Admixed36	0.547783570287201	0	0.452216429712799	AFR
Admixed41	0.379276705191478	0.30254386074162	0.318179434066902	AFR
Admixed42	0.214703477824413	0	0.785296522175587	AMR
Admixed47	0.00924772171815374	0.499548247043608	0.491204031238239	EUR
Admixed51	0.829893368481263	0.170106631518737	0	AFR
Admixed54	0.41099041583042	0.315185349332162	0.273824234837418	AFR
Admixed56	0.0658279189301145	0.350702862391382	0.583469218678504	AMR
Admixed57	0.00429231124872456	0.370357938402626	0.625349750348649	AMR
Admixed65	0.521011423380765	0.478988576619235	0	AFR
Admixed66	0.578406856721864	0.385406734101035	0.0361864091771008	AFR
Admixed67	0.325216867239309	0	0.674783132760691	AMR
Admixed68	0.5	0.119510781368074	0.380489218631926	AFR
Admixed69	0.5	0	0.5	AMR
Admixed74	0.730425574269999	0.0500208941437973	0.219553531586204	AFR
Admixed75	0.153422756421064	0.374635289100122	0.471941954478814	AMR
Admixed76	0.148822931168402	0.458928553166356	0.392248515665241	EUR
Admixed78	0.565583158236662	0.327615213204815	0.106801628558523	AFR
Admixed80	0.0505470954608726	0.350804877656105	0.598648026883022	AMR
Admixed82	0	0.817811875346358	0.182188124653642	EUR
Admixed83	0.406835964415861	0.488939241733447	0.104224793850692	EUR
Admixed84	0.924273891797801	0.0715885918278634	0.00413751637433598	AFR
Admixed86	0.68803661168373	0.31196338831627	0	AFR
Admixed87	0.138607026365908	0	0.861392973634091	AMR
Admixed88	0.5	0	0.5	AFR
Admixed89	0.188493984339568	0	0.811506015660432	AMR
Admixed92	0.402412197765223	0.453350925523997	0.144236876710781	EUR
Admixed94	0.234988491766837	0.765011508233163	0	EUR
Admixed95	0.5	0	0.5	AFR
Admixed96	0.0962788172871675	0.476061295428815	0.427659887284018	EUR
Admixed101	0.874641516334644	0	0.125358483665356	AFR
Admixed103	0.64347791351799	0.35652208648201	0	AFR
Admixed105	1	0	0	AFR
Admixed116	0.640179225884882	0.15249102544124	0.207329748673877	AFR
Admixed124	0.367315529315441	0.37724118423572	0.255443286448839	EUR
Admixed128	0.537908669859669	0.462091330140332	0	AFR
Admixed129	0.915857050236974	0	0.0841429497630259	AFR
Admixed134	0.0237517862796911	0.00257022776388716	0.973677985956422	AMR
Admixed135	0.576084275443037	0.288406646109705	0.135509078447258	AFR
Admixed137	0.0895105474670698	0.41048945253293	0.5	AMR
Admixed138	1	0	0	AFR
Admixed139	0.5	0.159291773073904	0.340708226926096	AFR
Admixed145	0.697247375018138	0.0477835702872011	0.254969054694661	AFR
Admixed147	0.637086391386449	0.272109669599137	0.0908039390144141	AFR
Admixed148	0.5	0.000457372655838569	0.499542627344161	AFR
Admixed150	1	0	0	AFR
Admixed153	0.254869570826085	0.323075787064221	0.422054642109694	AMR
Admixed155	0.878806751496789	0	0.121193248503211	AFR
Admixed157	0.96091612947909	0.0390838705209097	0	AFR
Admixed163	0.715825468538644	0.182610741240382	0.101563790220974	AFR
Admixed168	0.260138368138512	0.504137516374336	0.235724115487153	EUR
Admixed169	0.50631677000332	0.0145040645615374	0.479179165435143	AFR
Admixed171	0.167863308253273	0.301068866834691	0.531067824912037	AMR
Admixed172	0.260138368138512	0.237811428808078	0.502050203053411	AMR
Admixed174	0.341891300229355	0	0.658108699770645	AMR
Admixed176	0.642558156041941	0.000457372655838569	0.35698447130222	AFR
Admixed181	0.16435803338061	0.704159149685808	0.131482816933582	EUR
Admixed187	0.422837096658729	0.5	0.0771629033412708	EUR
Admixed190	0.1575602727954	0.395166911655186	0.447272815549415	AMR
Admixed192	0.732876269507825	0.129502227274214	0.137621503217961	AFR
Admixed195	0.512620883025905	0.0658279189301145	0.42155119804398	AFR
Admixed196	0.766869477063171	0.0888936462260478	0.144236876710781	AFR
Admixed198	0	0	1	AMR
Admixed200	0.715010460235159	0.284989539764841	0	AFR
Admixed201	0.673867906483746	0.326132093516254	0	AFR
Admixed202	0.605409461933523	0.12238287812249	0.272207659943987	AFR
Admixed203	0.456814963953425	0	0.543185036046575	AMR
Admixed206	0.0895105474670698	0.00754064941246802	0.902948803120462	AMR
Admixed208	0.207514945615991	0.792485054384009	0	EUR
Admixed214	0.610038246358106	0	0.389961753641894	AFR
Admixed215	0.804278094927963	0	0.195721905072037	AFR
Admixed216	0.382191810366432	0.199413845096579	0.418394344536989	AMR
Admixed217	0.5	0	0.5	AMR
Admixed218	0.5	0	0.5	AMR
Admixed219	0.437973174896286	0.124632732390014	0.4373940927137	AFR
Admixed221	0.238036520553469	0.0504042487762978	0.711559230670234	AMR
Admixed223	0.5	0.108133851722762	0.391866148277238	AFR
Admixed224	0.58951054746707	0.0772189484519652	0.333270504080965	AFR
Admixed227	0.569751734841721	0	0.430248265158279	AFR
Admixed228	0.704616522341647	0.0519670821295279	0.243416395528825	AFR
Admixed233	0.543598109269841	0.116309527172664	0.340092363557495	AFR
Admixed234	1	0	0	AFR
Admixed241	0.883558207378655	0.101937728059807	0.0145040645615374	AFR
Admixed242	0.0211051103521648	0.553682862437959	0.425212027209876	EUR
Admixed247	0.303685444462029	0.273590181949667	0.422724373588304	AMR
Admixed250	1	0	0	AFR
Admixed252	0.548196972591966	0	0.451803027408034	AFR
Admixed253	1	0	0	AFR
Admixed262	0.24012687154977	0.586007069885671	0.173866058564559	EUR
Admixed268	0.500457372655839	0	0.499542627344161	AFR
Admixed269	0.541870557969326	0.278600219947948	0.179529222082725	AFR
Admixed271	0.486991180514568	0.0531666095077417	0.45984220997769	AFR
Admixed275	0.889396518196232	0.0278089561403216	0.082794525663446	AFR
Admixed276	0.5	0.167670010843489	0.332329989156511	AFR
Admixed277	0.616660479934483	0	0.383339520065517	AFR
Admixed280	0.16435803338061	0.204159149685808	0.631482816933582	AMR
Admixed281	0.705566074350345	0.294433925649655	0	AFR
Admixed282	0.380755622762436	0.382704494028082	0.236539883209482	EUR
Admixed284	0.046254784212148	0.273133467456827	0.680611748331025	AMR
Admixed289	0.93318435560729	0.0626781280183735	0.00413751637433598	AFR
Admixed290	0.937321871981626	0.0626781280183735	0	AFR
Admixed292	0.368517183066418	0.305099026698433	0.326383790235149	AFR
Admixed296	0.732221523894405	0	0.267778476105595	AFR
Admixed301	0.422781051548035	0.0478406026423928	0.529378345809572	AMR
Admixed302	0.446532837827726	0.0431850360465748	0.510282126125699	AMR
Admixed304	0.5	0.178459428757045	0.321540571242955	AFR
Admixed305	0.645873930599041	0.115127618311634	0.238998451089326	AFR
Admixed309	0.643020540862151	0.356979459137849	0	AFR
Admixed310	1	0	0	AFR
Admixed312	0.260138368138512	0.120617254623924	0.619244377237564	AMR
Admixed313	0.568499124086305	0.0772189484519652	0.35428192746173	AFR
Admixed322	0.409709023100812	0.351395325807391	0.238895651091796	AFR
Admixed327	0.5	0.0697517348417214	0.430248265158279	AFR
Admixed331	1	0	0	AFR
Admixed332	1	0	0	AFR
Admixed334	0.868905068898022	0	0.131094931101979	AFR
Admixed335	0.279277368417269	0.329454930668603	0.391267700914128	AMR
Admixed336	0.432700124838332	0.0714373915360036	0.495862483625664	AMR
Admixed337	0.700751814530072	0.0490168411760542	0.250231344293874	AFR
Admixed338	0.803333479141751	0.0888936462260478	0.107772874632201	AFR
Admixed341	0.588297780887007	0	0.411702219112993	AFR
Admixed343	0.903721182712832	0.0962788172871675	0	AFR
Admixed344	0.903721182712832	0.0962788172871675	0	AFR
Admixed346	0.677143026818725	0.284989539764841	0.037867433416434	AFR
Admixed347	0.585424950027709	0.295064268604218	0.119510781368074	AFR
Admixed351	0.863420318180295	0.136579681819705	0	AFR
Admixed353	0.472191043859678	0.109153472776809	0.418655483363513	AFR
Admixed354	0.774880307995982	0	0.225119692004018	AFR
Admixed357	0.495707688751276	0.5	0.00429231124872456	EUR
Admixed358	0.495707688751276	0	0.504292311248725	AMR
Admixed361	0.31331077454343	0.447140195705274	0.239549029751296	EUR
Admixed362	0.5	0.111498229085883	0.388501770914117	AFR
Admixed366	0.5	0.33105644375496	0.16894355624504	AFR
Admixed368	0.563786550449257	0.327059976773934	0.109153472776809	AFR
Admixed382	0.599022471001085	0.0763328079167491	0.324644721082166	AFR
Admixed385	0.121657278730916	0.680369038068452	0.197973683200633	EUR
Admixed386	0.121657278730916	0.492203249239341	0.386139472029743	EUR
Admixed387	0.540033144076032	0	0.459966855923968	AFR
Admixed388	0.600388741443501	0	0.399611258556499	AFR
Admixed393	0.744556713551161	0	0.255443286448839	AFR
Admixed397	0.5	0	0.5	AMR
Admixed398	0.5	0	0.5	AMR
Admixed399	0.206917941148685	0.321908383103113	0.471173675748202	AMR
Admixed405	0.5	0.5	0	AFR
Admixed406	0.5	0.5	0	AFR
Admixed408	0.700410354503804	0.168494714394217	0.131094931101979	AFR
Admixed410	0.948514971638744	0	0.0514850283612562	AFR
Admixed411	0.167863308253273	0.0125444854901892	0.819592206256538	AMR
Admixed416	0.703608571023837	0.099714833161249	0.196676595814914	AFR
Admixed418	0.379995976092685	0.265703693195597	0.354300330711718	AFR
Admixed421	0.721482278252482	0.278517721747518	0	AFR
Admixed422	0.721482278252482	0.278517721747518	0	AFR
Admixed424	0.803685444462029	0	0.196314555537971	AFR
Admixed425	0.504429892629314	0.123833418742639	0.371736688628047	AFR
Admixed426	0.688639969955365	0	0.311360030044635	AFR
Admixed428	0.000457372655838569	0.999542627344161	0	EUR
Admixed433	0.5	0.482086322026194	0.0179136779738057	AFR
Admixed434	0.5	0.482086322026194	0.0179136779738057	AFR
Admixed435	0.5	0.119666335661307	0.380333664338694	AFR
Admixed436	0.500452259235622	0	0.499547740764378	AFR
Admixed437	0.182679493959734	0.244145184479544	0.573175321560721	AMR
Admixed439	0.850274828616887	0.00257022776388716	0.147154943619226	AFR
Admixed440	0.884872381688366	0	0.115127618311634	AFR
Admixed444	0.518151882351238	0.0900122448694422	0.39183587277932	AFR
Admixed445	0.590823456078707	0.0477835702872011	0.361392973634092	AFR
Admixed446	0.590823456078707	0.0477835702872011	0.361392973634092	AFR
Admixed447	0.698701383651008	0	0.301298616348992	AFR
Admixed449	0.58951054746707	0.31678035673042	0.0937090958025098	AFR
Admixed450	0.58951054746707	0.31678035673042	0.0937090958025098	AFR
Admixed454	0.584189451510246	0.246365927691378	0.169444620798376	AFR
Admixed455	0.891049216112681	0	0.108950783887319	AFR
Admixed457	0.209802669569874	0.422038922139621	0.368158408290505	EUR
Admixed466	0	0.811396431521228	0.188603568478772	EUR
Admixed467	0.781450977032845	0.218549022967155	0	AFR
Admixed468	0.781450977032845	0.218549022967155	0	AFR
Admixed472	0.717228191085577	0.21131100196406	0.0714608069503633	AFR
Admixed475	0.68803661168373	0	0.31196338831627	AFR
Admixed476	0.500457372655839	0	0.499542627344161	AFR
Admixed479	0.726175765162582	0	0.273824234837418	AFR
Admixed480	0.684814650667838	0.315185349332162	0	AFR
Admixed485	0.661579775481363	0.155683242552405	0.182736981966233	AFR
Admixed486	0.862491472992079	0.0897249567207201	0.0477835702872011	AFR
Admixed487	0.667672592867558	0	0.332327407132442	AFR
Admixed488	0.775445467499759	0	0.224554532500241	AFR
Admixed490	0.590092844522762	0.203307081742731	0.206600073734507	AFR
Admixed492	0.355763123289219	0.446780737452401	0.19745613925838	EUR
Admixed494	0.488710656661374	0.255443286448839	0.255846056889787	AFR
Admixed499	0.498051128734354	0.501948871265646	0	EUR
